SIMPLE  = T
BITPIX  = -64
NAXIS   = 2
NAXIS1  = 6110
NAXIS2  = 6857
CTYPE1  = 'RA---TAN'
CTYPE2  = 'DEC--TAN'
EQUINOX = 2000
CRVAL1  =  275.185260873
CRVAL2  =  -16.248875428
CRPIX1  =      3055.5000
CRPIX2  =      3429.0000
CDELT1  =   -0.000277778
CDELT2  =    0.000277778
CROTA2  =  359.953802926
END
